random graph  no_v:8 p:0.5 seed:5 
selected edges:[(0, 7), (1, 7), (3, 7), (2, 6), (4, 6), (5, 6)]
layers:2 MA-All
***************
cut_approx_ratio: 0.8999581803443462
-----------------------------------------------
layer 1
(0, 7): -1.5667
(1, 2): 0.0000
(1, 6): 0.0000
(1, 7): -0.0087
(2, 3): 0.0000
(2, 6): -0.0020
(2, 7): 0.0000
(3, 4): 0.0000
(3, 7): -0.0007
(4, 6): 0.0008
(5, 6): -0.0033
(5, 7): 0.0000
beta: [0.7854, 0.7854, 0.7854, 0.7854, 0.7854, 0.7854, 0, 0]
-----------------------------------------------
layer 2
(0, 7): -2.3662
(1, 2): 0.0000
(1, 6): 0.0000
(1, 7): -0.7938
(2, 3): 0.0000
(2, 6): -0.7954
(2, 7): 0.0000
(3, 4): 0.0000
(3, 7): -0.7901
(4, 6): -0.7886
(5, 6): -0.7880
(5, 7): 0.0000
beta: [0.7854, 0.7854, 0.7854, 0.7854, 0.7854, 0.7854, 0, 0]
-----------------------------------------------